lightColors0 = 0.646931, 0.507, 0.275018
lightColors1 = 0.296968, 0.269988, 0.140754
lightColors10 = 0.0538083, 0.431208, 0.42685
lightColors11 = 0.0976086, 0.611311, 0.055755
lightColors12 = 0.0678335, 0.32963, 0.0939848
lightColors13 = 0.12582, 0.52941, 0.0851338
lightColors14 = 0.214647, 0.241987, 0.440255
lightColors2 = 0.296742, 0.483998, 0.45903
lightColors3 = 0.310464, 0.193512, 0.47633
lightColors4 = 0.303503, 0.175334, 0.338971
lightColors5 = 0.0736874, 0.0607674, 0.215865
lightColors6 = 0.304201, 0.328904, 0.0416982
lightColors7 = 0.215428, 0.0839776, 0.459361
lightColors8 = 0.421018, 0.12078, 0.0956766
lightColors9 = 0.490316, 0.0263572, 0.311847
lightPositions0 = -62.1764, 80.4779, -68.8886
lightPositions1 = 99.9751, 86.6217, -77.6209
lightPositions10 = -84.0239, 91.2154, 131.366
lightPositions11 = 11.9627, 82.607, 215.633
lightPositions12 = 44.9964, 65.5579, 56.921
lightPositions13 = -305.052, 85.8607, -42.3718
lightPositions14 = 42.0045, 85.4806, -47.9335
lightPositions2 = -90.2901, 86.6033, 52.3194
lightPositions3 = 39.5223, 58.1432, -19.2609
lightPositions4 = -45.5038, 87.4102, -62.1014
lightPositions5 = -142.522, 78.5217, -164.332
lightPositions6 = -28.4959, 79.1589, -23.1166
lightPositions7 = -123.452, 93.2102, -2.40147
lightPositions8 = -57.76, 93.7259, 25.3215
lightPositions9 = 120.386, 71.1552, -49.3151
model_diffusePower = 10.202
model_specularPower = 26.351
